-108.62960815429688
-115.51793670654297
-140.51869201660156
-174.92454528808594
-172.44076538085938
-207.7389678955078
-215.6271209716797
-232.67945861816406
-239.1302032470703
-263.3955383300781
-266.91845703125
-271.4080505371094
-274.9183654785156
-276.3664855957031
-278.9927062988281
-285.6107177734375
-284.889404296875
-290.7740173339844
-290.7942199707031
-293.8000183105469
-294.9458923339844
-302.4466247558594
-299.97930908203125
-297.754638671875
-301.6982421875
-304.1604309082031
-303.517822265625
-320.08892822265625
-312.96197509765625
-309.65313720703125
-315.4331359863281
-313.9561767578125
-317.008544921875
-315.539794921875
-324.1885681152344
-329.8134765625
-308.87060546875
-316.7448425292969
-327.92523193359375
-340.66717529296875
-323.701904296875
-328.8302917480469
-329.1710205078125
-330.0660400390625
-314.7168884277344
-325.5352783203125
-330.3916320800781
-328.65545654296875
-328.7416687011719
-330.94317626953125
-327.75390625
-320.5298767089844
-327.8913269042969
-327.9398498535156
-324.9894714355469
-318.078125
-301.65521240234375
-304.54150390625
-317.7561950683594
-308.40130615234375
-322.5738220214844
-313.93695068359375
-309.06646728515625
-321.29150390625
-317.24200439453125
-320.650390625
-328.5224304199219
-333.088623046875
-325.9570617675781
-330.5270080566406
-335.9387512207031
-325.863037109375
-324.6412658691406
-330.61834716796875
-331.7213439941406
-330.64019775390625
-329.85406494140625
-334.2768859863281
-330.6376953125
-333.20709228515625
-334.0209655761719
-332.16888427734375
-333.5246887207031
-337.459716796875
-336.67437744140625
-335.80999755859375
-337.4146423339844
-340.6371154785156
-340.3891296386719
-340.2057189941406
-340.7958984375
-337.4481201171875
-334.78302001953125
-334.98760986328125
-337.0185546875
-336.3594665527344
-338.1187438964844
-343.2261657714844
-343.49920654296875
-348.3052978515625
-332.1649475097656
-323.16473388671875
-321.0341491699219
-302.5912170410156
-324.2503967285156
-325.2601318359375
-323.0113830566406
-326.93896484375
-326.5088806152344
-335.34222412109375
-316.4417724609375
-329.2008056640625
-329.71514892578125
-324.98193359375
-332.87054443359375
-337.9458923339844
-340.4371337890625
-342.56591796875
-342.527587890625
-343.6352233886719
-345.1031494140625
-346.4433288574219
-347.4742431640625
-349.4239196777344
-350.294189453125
-348.5387268066406
-345.1836853027344
-339.3211669921875
-339.01605224609375
-339.1908874511719
-342.2795104980469
-339.8006896972656
-339.86712646484375
-343.339599609375
-343.4910888671875
-341.1285095214844
-342.7882995605469
-337.179443359375
-341.316650390625
-341.6551513671875
-341.4978332519531
-345.7526550292969
-342.42462158203125
-338.7659912109375
-339.3713073730469
-345.3486022949219
-343.8215637207031
-343.8639221191406
-345.4689636230469
-348.23089599609375
-344.9703063964844
-346.7149658203125
-342.8360900878906
-345.84368896484375
-350.7496643066406
-346.38922119140625
-352.1153564453125
-339.90673828125
-327.07110595703125
-332.6531982421875
-336.9312744140625
-334.02178955078125
-333.6349182128906
-310.2202453613281
-325.8995361328125
-323.9991760253906
-326.0443115234375
-334.53472900390625
-341.0045471191406
-344.6881408691406
-322.03973388671875
-334.5062255859375
-326.87420654296875
-317.8189392089844
-331.5438232421875
-334.74725341796875
-329.4128112792969
-339.1683044433594
-338.51348876953125
-338.7789001464844
-335.6353454589844
-335.0121765136719
-325.6098937988281
-330.7092590332031
-332.31134033203125
-320.45941162109375
-320.8145751953125
-317.9060363769531
-320.9986877441406
-312.88653564453125
-321.74078369140625
-326.7509765625
-326.4461975097656
-332.1679992675781
-334.7873229980469
-336.03948974609375
-336.77410888671875
-332.75323486328125
-339.11053466796875
-340.1138916015625
-340.72930908203125
-337.42364501953125
-341.08282470703125
-342.14776611328125
-345.88714599609375
-338.6930847167969
-340.73663330078125
-343.876953125
-345.0864562988281
-340.8717346191406
-341.6070251464844
-342.0109558105469
-340.9538879394531
-343.2193298339844
-343.784423828125
-337.1517028808594
-333.5845947265625
-333.53192138671875
-331.4941101074219
-332.2759704589844
-331.4023132324219
-334.7760314941406
-336.75299072265625
-340.33123779296875
-333.6946716308594
-333.99615478515625
-334.64239501953125
-337.56768798828125
-339.9183654785156
-339.51806640625
-338.66583251953125
-338.8212890625
-340.45904541015625
-341.7546081542969
-339.283447265625
-319.0407409667969
-314.2391662597656
-308.6990661621094
-318.1527099609375
-291.0081481933594
-299.59588623046875
-305.1446228027344
-317.64630126953125
-310.30462646484375
-303.09820556640625
-300.2453308105469
-306.4698486328125
-317.0003356933594
-319.5973205566406
-327.17681884765625
-326.28863525390625
-334.1438293457031
-341.58642578125
-338.95660400390625
-334.4817810058594
-341.4223937988281
-331.54608154296875
-328.7629089355469
-320.5277099609375
-326.8770751953125
-330.1109313964844
-329.3306884765625
-335.2874755859375
-342.1604919433594
-336.3013000488281
-335.367431640625
-335.0185852050781
-328.8513488769531
-332.8934020996094
-332.4747009277344
-336.0868225097656
-341.82476806640625
-341.7008056640625
-346.6199951171875
-342.1443176269531
-346.3074951171875
-347.26300048828125
-346.9377746582031
-351.5850830078125
-351.3640441894531
-345.9171447753906
-354.76763916015625
-348.08349609375
-351.7569885253906
-350.39495849609375
-353.10845947265625
-349.5002136230469
-336.3843994140625
-315.03167724609375
-340.67828369140625
-344.0796203613281
-345.0180969238281
-344.0809020996094
-345.909423828125
-338.4809265136719
-348.8625183105469
-338.36669921875
-352.2127380371094
-332.282470703125
-344.729248046875
-344.5139465332031
-343.3157653808594
-331.56121826171875
-302.7226867675781
-303.83294677734375
-325.5287780761719
-315.1101379394531
-327.08148193359375
-335.4872131347656
-338.98443603515625
-344.9874267578125
-327.6796875
-338.2234191894531
-343.7787780761719
-333.7526550292969
