-99.98866271972656
-100.4822998046875
-92.13761138916016
-90.94609832763672
-101.7618637084961
-131.9700164794922
-147.38644409179688
-171.03948974609375
-171.0502471923828
-177.59494018554688
-182.23660278320312
-192.3945770263672
-206.06532287597656
-201.59410095214844
-210.25506591796875
-214.22447204589844
-213.5916290283203
-222.09629821777344
-232.31546020507812
-227.1922149658203
-233.7112274169922
-242.80824279785156
-236.7635955810547
-252.3630828857422
-259.7544250488281
-264.63525390625
-266.3712158203125
-217.6542510986328
-257.10186767578125
-144.25381469726562
-225.2508544921875
-260.938720703125
-257.6045227050781
-262.7463684082031
-212.9440155029297
-252.66700744628906
-265.6993408203125
-272.3185119628906
-273.2736511230469
-275.7142333984375
-225.58143615722656
-233.343994140625
-274.0885314941406
-281.3846740722656
-285.2940979003906
-288.03802490234375
-287.481201171875
-288.337646484375
-279.111328125
-283.09942626953125
-242.78402709960938
-258.0896911621094
-277.1690368652344
-264.02911376953125
-267.959228515625
-282.0517272949219
-284.3533630371094
-287.4012145996094
-294.0390930175781
-296.64910888671875
-297.65380859375
-299.4847412109375
-300.0572204589844
-282.4089050292969
-284.7964172363281
-287.6989440917969
-292.5009460449219
-258.899169921875
-269.5486755371094
-261.3332214355469
-279.31536865234375
-278.85333251953125
-268.3158874511719
-280.1734619140625
-289.9555358886719
-284.9012145996094
-290.14129638671875
-274.51971435546875
-282.36968994140625
-288.1663513183594
-294.1776123046875
-294.50445556640625
-296.9297180175781
-297.8996887207031
-257.64190673828125
-289.9496154785156
-299.3624572753906
-301.8258361816406
-270.5330505371094
-298.00653076171875
-300.2396240234375
-283.9925842285156
-287.7723388671875
-296.6335144042969
-300.7191162109375
-290.2438659667969
-306.7679138183594
