-91.43997955322266
-96.3041763305664
-122.17735290527344
-125.99571228027344
-136.40750122070312
-216.90806579589844
-161.49342346191406
-194.4730987548828
-213.48667907714844
-190.65150451660156
-254.6597900390625
-111.24602508544922
-135.02447509765625
-159.3959197998047
-198.08103942871094
-229.05776977539062
-235.65956115722656
-212.2625732421875
-245.53338623046875
-259.3913879394531
-271.533203125
-272.1918640136719
-274.35772705078125
-223.18026733398438
-269.6825256347656
-275.35638427734375
-278.446533203125
-283.1971740722656
-291.777099609375
-291.8470458984375
-267.2640075683594
-288.2767333984375
-287.9879455566406
-268.48681640625
-281.2647705078125
-290.4172058105469
-303.63800048828125
-307.22430419921875
-280.8703918457031
-285.0119323730469
-304.4035339355469
-315.39227294921875
-197.71548461914062
-291.50872802734375
-311.15435791015625
-322.9095458984375
-328.4812316894531
-334.7418518066406
-340.982666015625
-345.6129455566406
-346.9085998535156
-350.4267272949219
-342.41107177734375
-336.640625
-298.0149230957031
-321.6895446777344
-331.9472961425781
-340.1104736328125
-332.57958984375
-357.2408752441406
-348.48016357421875
-349.538330078125
-359.1343994140625
-360.39862060546875
-367.9215393066406
-367.4471740722656
-364.9857177734375
-341.3029479980469
-363.17840576171875
-367.5306701660156
-370.87115478515625
-369.4299011230469
-362.4908142089844
-158.27037048339844
-281.5937805175781
-330.588134765625
-340.47039794921875
-359.796142578125
-369.00885009765625
-368.65447998046875
-373.2188415527344
-370.4027404785156
-379.3689880371094
-352.7477722167969
-342.3171081542969
-363.0282287597656
-364.3974304199219
-373.41949462890625
-375.723388671875
-379.57952880859375
-375.9412841796875
-377.2595520019531
-385.54742431640625
-383.4499816894531
-386.048583984375
-368.7751770019531
-381.0635986328125
-380.2012023925781
-375.5479736328125
-367.8738708496094
-354.4394226074219
-386.8031005859375
-371.2609558105469
