-64.66697692871094
-65.22095489501953
-65.93314361572266
-66.63985443115234
-71.54698944091797
-95.00056457519531
-126.0350341796875
-145.1638641357422
-154.98277282714844
-163.57870483398438
-164.3737335205078
-153.15350341796875
-145.98902893066406
-147.97500610351562
-157.02145385742188
-168.90078735351562
-169.8175811767578
-173.72952270507812
-167.86781311035156
-165.65972900390625
-164.74783325195312
-166.72007751464844
-169.13461303710938
-171.190673828125
-169.73622131347656
-170.3217010498047
-163.00811767578125
-169.7613983154297
-175.03598022460938
-177.00404357910156
-176.95314025878906
-176.7344970703125
-171.4697265625
-169.3389434814453
-169.39447021484375
-171.89608764648438
-176.79432678222656
-175.57318115234375
-176.82582092285156
-174.80445861816406
-167.29322814941406
-168.256591796875
-172.8179473876953
-177.46180725097656
-175.3001708984375
-175.6863250732422
-176.08670043945312
-173.1756134033203
-166.8017120361328
-168.57794189453125
-172.99880981445312
-174.99856567382812
-176.3513946533203
-176.80870056152344
-177.15310668945312
-176.7393035888672
-175.99729919433594
-175.53062438964844
-175.61181640625
-175.7589569091797
-175.3641357421875
-174.84918212890625
-174.97457885742188
-175.60569763183594
-175.7498321533203
-175.79248046875
-175.72740173339844
-175.5608673095703
-175.4323272705078
-175.26211547851562
-175.42578125
-175.92543029785156
-176.1426544189453
-175.65904235839844
-175.23733520507812
-175.26699829101562
-175.7642822265625
-175.8631134033203
-175.89500427246094
-175.82716369628906
-175.08665466308594
-174.94110107421875
-175.36270141601562
-174.94439697265625
-175.2358856201172
-174.9979705810547
-174.54119873046875
-174.8655548095703
-175.0823974609375
-174.16543579101562
-175.1019744873047
-174.60418701171875
-175.13134765625
-175.56765747070312
-174.1876220703125
-174.71914672851562
-174.85365295410156
-174.65432739257812
