-66.10919952392578
-69.0628890991211
-122.58930969238281
-156.71377563476562
-154.84925842285156
-152.24163818359375
-163.09933471679688
-174.78028869628906
-172.72705078125
-149.6688232421875
-160.7547149658203
-166.82086181640625
-168.21420288085938
-171.93301391601562
-172.77752685546875
-178.5774688720703
-181.16787719726562
-179.145263671875
-165.29234313964844
-169.96240234375
-173.4576416015625
-171.29434204101562
-174.60061645507812
-182.40142822265625
-177.17608642578125
-182.2645721435547
-185.390625
-186.82177734375
-190.0161590576172
-189.9188690185547
-195.97203063964844
-188.79763793945312
-193.99151611328125
-193.0451202392578
-196.2230224609375
-194.5401153564453
-195.33990478515625
-192.64601135253906
-193.59991455078125
-190.83587646484375
-192.50498962402344
-193.23146057128906
-197.1748046875
-198.7282257080078
-197.8688507080078
-199.81695556640625
-199.6219482421875
-192.3762664794922
-191.74632263183594
-196.62290954589844
-198.11680603027344
-197.79803466796875
-196.52516174316406
-201.91217041015625
-200.68170166015625
-196.19444274902344
-204.1332244873047
-191.1055450439453
-186.95370483398438
-184.66213989257812
-179.72262573242188
-192.45420837402344
-187.2034149169922
-197.6280975341797
-178.56097412109375
-186.96275329589844
-188.07156372070312
-190.2234344482422
-185.48609924316406
-189.82501220703125
-193.35597229003906
-182.82398986816406
-187.1716766357422
-189.75624084472656
-195.11061096191406
-195.8687744140625
-193.57000732421875
-195.48794555664062
-187.9136962890625
-189.32054138183594
-189.71788024902344
-194.74981689453125
-197.2509307861328
-197.94137573242188
-202.2935333251953
-199.7747802734375
-202.90171813964844
-204.11654663085938
-202.65512084960938
-202.3977813720703
-200.25083923339844
-197.48837280273438
-201.06675720214844
-200.56092834472656
-203.261474609375
-199.5854034423828
-202.10647583007812
-202.9072723388672
-198.7895050048828
