-113.75398254394531
-123.16331481933594
-140.53662109375
-147.29928588867188
-137.44436645507812
-145.7255401611328
-136.55625915527344
-152.7399139404297
-170.9584197998047
-176.8985595703125
-184.8744354248047
-187.2528839111328
-181.35464477539062
-188.20462036132812
-198.2013397216797
-163.25048828125
-188.98719787597656
-163.9285125732422
-191.08831787109375
-190.3568878173828
-190.01739501953125
-195.3868408203125
-194.20928955078125
-202.82713317871094
-207.94497680664062
-179.7068634033203
-182.8320770263672
-174.66680908203125
-155.2799072265625
-162.2380828857422
-176.0218048095703
-186.1897735595703
-193.00103759765625
-199.79867553710938
-197.64500427246094
-197.36610412597656
-198.22068786621094
-202.1656951904297
-203.5686798095703
-204.26498413085938
-206.17959594726562
-206.03408813476562
-198.90354919433594
-191.3828887939453
-194.3076171875
-195.5133056640625
-193.57742309570312
-196.04483032226562
-199.59019470214844
-190.5305633544922
-188.47665405273438
-203.8478240966797
-206.7436981201172
-207.84742736816406
-206.00119018554688
-206.06515502929688
-204.03744506835938
-184.7412567138672
-203.50894165039062
-211.4945068359375
-206.0831756591797
-210.28628540039062
-207.6610107421875
-206.04612731933594
-200.773681640625
-207.29759216308594
-204.29844665527344
-213.3192901611328
-210.8949432373047
-200.47869873046875
-209.32769775390625
-189.7023468017578
-206.4474639892578
-213.09727478027344
-209.49407958984375
-217.17747497558594
-210.13246154785156
-216.61573791503906
-221.3143310546875
-212.3647918701172
-210.6577911376953
-209.2698211669922
-216.9150848388672
-217.34396362304688
-222.05496215820312
-218.08973693847656
-198.83509826660156
-219.00857543945312
-218.0099639892578
-216.81716918945312
-221.9699249267578
-218.94410705566406
-222.08934020996094
-219.6316375732422
-220.7454071044922
-209.95834350585938
-218.75059509277344
-215.38128662109375
-222.1128387451172
-224.77581787109375
-223.09005737304688
-223.0963897705078
-225.23114013671875
-222.73898315429688
-221.56065368652344
-225.67755126953125
-224.42149353027344
-224.82492065429688
-223.8533477783203
-224.1212921142578
-217.0603485107422
-222.18165588378906
-224.02561950683594
-214.58953857421875
-218.5475311279297
-224.44888305664062
-226.09487915039062
-224.49612426757812
-224.37355041503906
-224.60057067871094
-223.86422729492188
-225.08749389648438
-224.53179931640625
-223.1822052001953
-206.75949096679688
-220.3349151611328
-221.67039489746094
-223.3181915283203
-226.0238494873047
-225.53736877441406
-225.6507568359375
-224.37213134765625
-226.9501953125
-226.15382385253906
-215.7333526611328
-222.9540557861328
-222.1778106689453
-225.20521545410156
-225.6106414794922
