-122.2735366821289
-122.23892211914062
-142.19924926757812
-151.7820587158203
-173.94827270507812
-182.76991271972656
-184.3824462890625
-184.1448211669922
-184.71954345703125
-187.94415283203125
-190.00070190429688
-187.1466064453125
-193.5532684326172
-193.61399841308594
-182.6903839111328
-197.88204956054688
-196.87123107910156
-196.33367919921875
-198.69296264648438
-198.83709716796875
-197.7633056640625
-198.81874084472656
-197.37689208984375
-192.8627471923828
-195.79505920410156
-194.36329650878906
-195.41123962402344
-195.3352813720703
-180.78549194335938
-176.67303466796875
-179.02236938476562
-185.1066436767578
-191.0409393310547
-192.28646850585938
-191.59347534179688
-201.82667541503906
-195.69410705566406
-199.12319946289062
-193.65505981445312
-197.84182739257812
-196.6981658935547
-190.4729766845703
-188.09439086914062
-192.9444122314453
-193.40008544921875
-194.61952209472656
-193.93814086914062
-192.05560302734375
-194.7696533203125
-196.00381469726562
-196.60501098632812
-196.13916015625
-199.0997772216797
-198.00657653808594
-197.25697326660156
-197.22903442382812
-198.77149963378906
-199.46681213378906
-195.6165008544922
-194.07220458984375
-189.179931640625
-189.65797424316406
-194.956787109375
-188.97421264648438
-196.4311981201172
-191.05258178710938
-185.15716552734375
-192.74612426757812
-196.8114013671875
-195.7759246826172
-196.82615661621094
-197.09848022460938
-195.4232177734375
-195.46714782714844
-189.91510009765625
-193.4337921142578
-196.15740966796875
-196.2300262451172
-195.96934509277344
-194.80294799804688
-193.1036834716797
-177.0318145751953
-186.52622985839844
-193.88787841796875
-191.58212280273438
-189.61293029785156
-190.72311401367188
-192.85382080078125
-195.37338256835938
-198.13670349121094
-199.216796875
-199.86244201660156
-198.2318572998047
-195.05062866210938
-198.63880920410156
-199.21131896972656
-199.9767303466797
