-109.21443939208984
-122.6027603149414
-157.44558715820312
-161.87721252441406
-134.74111938476562
-168.82969665527344
-186.05494689941406
-196.43959045410156
-197.743896484375
-213.33755493164062
-229.64849853515625
-233.352783203125
-246.71783447265625
-247.45474243164062
-248.89601135253906
-257.24017333984375
-261.79425048828125
-254.2722930908203
-269.50091552734375
-268.3763427734375
-261.2564392089844
-269.75726318359375
-270.48968505859375
-258.170654296875
-281.9211120605469
-273.5804443359375
-288.8756103515625
-292.8091125488281
-295.9741516113281
-274.0770568847656
-284.16229248046875
-290.2227783203125
-295.27947998046875
-281.4748840332031
-290.7232971191406
-295.90460205078125
-305.3161926269531
-305.494140625
-311.3813171386719
-311.4927673339844
-322.1758117675781
-323.58587646484375
-325.415771484375
-327.3835754394531
-338.49847412109375
-348.44976806640625
-348.9324035644531
-339.8183288574219
-350.5612487792969
-309.0002136230469
-333.1125793457031
-348.38189697265625
-356.3739013671875
-362.53155517578125
-358.7454528808594
-364.1658630371094
-367.8614501953125
-368.37518310546875
-369.2559509277344
-370.2605285644531
-256.60955810546875
-331.1324157714844
-324.8040771484375
-331.70196533203125
-319.12286376953125
-315.9251403808594
-330.0434875488281
-344.1822509765625
-351.6014404296875
-347.86474609375
-354.6363525390625
-364.20562744140625
-353.6210632324219
-321.6354675292969
-359.1236877441406
-361.3236999511719
-342.1897888183594
-360.6436767578125
-363.7179260253906
-364.4822082519531
-363.01513671875
-363.0582580566406
-364.69012451171875
-363.41558837890625
-353.8696594238281
-365.6710205078125
-370.6099853515625
-368.31134033203125
-367.50579833984375
-370.51019287109375
-369.74566650390625
