-91.80652618408203
-92.07363891601562
-92.17807006835938
-92.23441314697266
-92.29313659667969
-92.3876953125
-92.6788558959961
-93.3421401977539
-94.21405029296875
-94.10407257080078
-95.32704162597656
-96.63247680664062
-97.81305694580078
-97.7104721069336
-98.38644409179688
-98.62727355957031
-98.7376708984375
-98.73225402832031
-99.23208618164062
-99.50733947753906
-99.38939666748047
-99.05084228515625
-99.12983703613281
-99.36376190185547
-99.30867767333984
-99.00509643554688
-99.1407241821289
-99.2197265625
-99.0407943725586
-99.1068344116211
-99.13947296142578
-99.09545135498047
-99.20477294921875
-99.18787384033203
-99.17057800292969
-99.255126953125
-99.1792221069336
-99.16820526123047
-99.230712890625
-99.15483093261719
-99.12613677978516
-99.24567413330078
-99.14344024658203
-99.12300109863281
-99.25668334960938
-99.12337493896484
-99.07737731933594
-99.24762725830078
-99.14342498779297
-99.04711151123047
-99.30699920654297
-99.26533508300781
-99.21986389160156
-99.56055450439453
-99.37572479248047
-98.98037719726562
-98.92964172363281
-99.4307861328125
-99.85319519042969
-100.00415802001953
-99.65411376953125
-99.19747924804688
-99.3653793334961
-99.5635986328125
-99.4905014038086
-99.33522033691406
-99.56375122070312
-99.61605834960938
-99.40131378173828
-99.24121856689453
-99.60382843017578
-99.74223327636719
-99.5695571899414
-99.1998519897461
-99.36776733398438
-99.53216552734375
-99.46809387207031
-99.36705017089844
-99.68247985839844
-99.77569580078125
-99.58848571777344
-99.30451965332031
-99.55777740478516
-99.6918716430664
-99.56761932373047
-99.33599090576172
-99.5527114868164
-99.57814025878906
-99.48873138427734
