-75.38634490966797
-112.08514404296875
-146.4060821533203
-197.1061553955078
-170.5557098388672
-216.01095581054688
-233.7926788330078
-243.67312622070312
-249.033935546875
-258.711181640625
-264.70819091796875
-272.4311828613281
-275.8034362792969
-278.1705322265625
-281.9842834472656
-288.3067932128906
-294.60968017578125
-295.8829650878906
-265.4700927734375
-266.32122802734375
-270.4742126464844
-268.28692626953125
-274.3447265625
-278.4890441894531
-274.8493957519531
-280.1579284667969
-284.209228515625
-294.3484191894531
-263.0531921386719
-281.0753173828125
-292.2852478027344
-301.69476318359375
-300.73895263671875
-302.0728454589844
-305.0782470703125
-307.6451721191406
-310.63031005859375
-309.6318359375
-311.7059020996094
-311.9538269042969
-314.7850036621094
-318.6740417480469
-304.9740295410156
-302.73199462890625
-309.3882751464844
-307.8698425292969
-308.7851867675781
-308.88623046875
-314.2429504394531
-317.75201416015625
-311.196044921875
-317.5980224609375
-315.67340087890625
-320.6453552246094
-318.67742919921875
-300.1556396484375
-305.7319030761719
-296.2840270996094
-302.8695983886719
-307.5850830078125
-308.60333251953125
-304.62420654296875
-311.4587707519531
-315.14459228515625
-316.8975830078125
-313.4266052246094
-308.7141418457031
-311.0617370605469
-320.9109191894531
-324.1148986816406
-321.0310363769531
-321.94171142578125
-326.9021301269531
-330.9294128417969
-325.1585693359375
-327.8525695800781
-330.9225769042969
-326.9190368652344
-325.7770690917969
-331.75115966796875
-330.8584289550781
-331.5613098144531
-310.4314880371094
-323.71820068359375
-326.1557922363281
-329.26019287109375
-333.65997314453125
-336.7395324707031
-336.0743408203125
-303.97796630859375
-337.9495849609375
-333.144775390625
